# 3ds Max Wavefront OBJ Exporter v0.97b - (c)2007 guruware
# File Created: 04.04.2018 11:51:48

#
# object Base_HumanPelvis
#

v  -5.715133190155 0.002086639404 1.333752155304
v  -5.715134620667 -0.030014038086 -7.866331577301
v  5.715127944946 -0.030014038086 -7.866333484650
v  5.715129375458 0.002082824707 1.333750247955
v  -5.715133190155 3.130676269531 1.322836399078
v  5.715129375458 3.130676269531 1.322834491730
v  5.715127944946 3.098575592041 -7.877249240875
v  -5.715134620667 3.098579406738 -7.877247333527
v  11.578564643860 -54.780323028564 -4.087553977966
v  11.578564643860 -58.145442962646 -4.254819393158
v  5.032546043396 -58.145553588867 -4.252563476563
v  5.032546043396 -54.780433654785 -4.085297584534
v  11.581886291504 -55.258224487305 5.527072429657
v  5.035867691040 -55.258335113525 5.529328823090
v  5.035867691040 -58.623455047607 5.362063884735
v  11.581886291504 -58.623344421387 5.359807014465
v  -5.028125286102 -54.782089233398 -4.077256679535
v  -5.028124809265 -58.147212982178 -4.244476795197
v  -11.574140548706 -58.146938323975 -4.250002384186
v  -11.574141502380 -54.781814575195 -4.082782268524
v  -5.036261081696 -55.259860992432 5.537373542786
v  -11.582277297974 -55.259586334229 5.531847953796
v  -11.582277297974 -58.624710083008 5.364627361298
v  -5.036260604858 -58.624984741211 5.370152950287
v  -4.551597595215 -26.972467422485 5.061362266541
v  -4.569324493408 -25.757266998291 -0.585223674774
v  -9.377794265747 -25.551254272461 -0.525794506073
v  -9.360067367554 -26.766456604004 5.120791435242
v  -5.888036251068 -56.343963623047 -1.255534648895
v  -10.696506500244 -56.137954711914 -1.196105480194
v  -10.714233398438 -54.922752380371 -6.842691421509
v  -5.905762672424 -55.128761291504 -6.902120590210
v  9.357755661011 -26.766670227051 5.120765209198
v  9.375501632690 -25.550224304199 -0.525552272797
v  4.567078590393 -25.757266998291 -0.585268497467
v  4.549332618713 -26.973712921143 5.061048984528
v  10.700892448425 -56.136489868164 -1.202514171600
v  5.892470359802 -56.343528747559 -1.262230396271
v  5.910216331482 -55.127082824707 -6.908547878265
v  10.718639373779 -54.920043945313 -6.848832607269
v  -2.702709197998 3.037853240967 2.163458585739
v  -2.844391345978 2.019184112549 -5.468756675720
v  -8.613532066345 2.289318084717 -5.397715568542
v  -8.471849441528 3.307987213135 2.234499692917
v  -4.009285926819 -25.887599945068 6.048368453979
v  -9.778427124023 -25.617462158203 6.119409561157
v  -9.920108795166 -26.636131286621 -1.512805581093
v  -4.150967597961 -26.906269073486 -1.583846926689
v  8.471910476685 3.307762145996 2.234487056732
v  8.613483428955 2.289089202881 -5.397727012634
v  2.844321727753 2.019409179688 -5.468747615814
v  2.702747821808 3.038082122803 2.163466453552
v  9.776208877563 -25.617790222168 6.119362831116
v  4.007047176361 -25.887468338013 6.048341751099
v  4.148621082306 -26.906141281128 -1.583872199059
v  9.917783737183 -26.636461257935 -1.512851357460
v  18.889110565186 0.326484680176 -3.196869134903
v  17.713893890381 -0.050373077393 -4.674578189850
v  12.771618843079 1.346122741699 -1.100150823593
v  13.946836471558 1.722980499268 0.377558231354
v  18.459655761719 -6.567924499512 -1.097039699554
v  13.517380714417 -5.171424865723 2.477387428284
v  12.342163085938 -5.548282623291 0.999678134918
v  17.284437179565 -6.944782257080 -2.574748992920
v  15.069456100464 18.287979125977 -6.331859588623
v  15.635795593262 17.026420593262 -9.925584793091
v  11.861763000488 16.351303100586 -10.283344268799
v  11.295423507690 17.612861633301 -6.689619541168
v  17.434198379517 1.804649353027 -0.172758102417
v  13.660164833069 1.129528045654 -0.530518054962
v  14.226504325867 -0.132030487061 -4.124243736267
v  18.000537872314 0.543090820313 -3.766484260559
v  11.760137557983 36.470367431641 0.281634330750
v  11.244007110596 37.871765136719 -4.294068336487
v  7.482145309448 37.069519042969 -4.115435600281
v  7.998275279999 35.668121337891 0.460267305374
v  15.604606628418 17.020065307617 -6.109075546265
v  11.842744827271 16.217819213867 -5.930443286896
v  11.326614379883 17.619216918945 -10.506145477295
v  15.088476181030 18.421463012695 -10.684778213501
v  -1.925302743912 3.924976348877 -3.025938034058
v  -1.925303459167 5.044368743896 -6.710241794586
v  1.925295591354 5.044368743896 -6.710242271423
v  1.925296306610 3.924976348877 -3.025938510895
v  -1.925302505493 12.025009155273 -0.564931869507
v  1.925296664238 12.025009155273 -0.564932823181
v  1.925296068192 13.144401550293 -4.249236583710
v  -1.925303101540 13.144401550293 -4.249236106873
v  -1.925298213959 12.674972534180 -0.483904957771
v  -1.925298929214 12.494445800781 -4.330263614655
v  1.925291061401 12.494445800781 -4.330264091492
v  1.925291776657 12.674972534180 -0.483905434608
v  -1.925299048424 19.878646850586 -0.822018027306
v  1.925291180611 19.878646850586 -0.822018504143
v  1.925290584564 19.698112487793 -4.668376922607
v  -1.925299644470 19.698112487793 -4.668376922607
v  -1.925301790237 20.201904296875 -0.864833354950
v  -1.925302267075 19.374847412109 -4.625561237335
v  1.925292491913 19.374847412109 -4.625561714172
v  1.925292968750 20.201904296875 -0.864833831787
v  -1.925301551819 27.770805358887 -2.529391527176
v  1.925293326378 27.770805358887 -2.529392242432
v  1.925292730331 26.943740844727 -6.290120124817
v  -1.925302147865 26.943740844727 -6.290119647980
v  -13.946841239929 1.722980499268 0.377562284470
v  -12.771623611450 1.346122741699 -1.100147485733
v  -17.713897705078 -0.050373077393 -4.674571990967
v  -18.889114379883 0.326484680176 -3.196861982346
v  -13.517384529114 -5.171424865723 2.477390289307
v  -18.459657669067 -6.567920684814 -1.097033977509
v  -17.284440994263 -6.944778442383 -2.574743747711
v  -12.342166900635 -5.548282623291 0.999680519104
v  -11.295432090759 17.612861633301 -6.689615249634
v  -11.861772537231 16.351303100586 -10.283340454102
v  -15.635804176331 17.026420593262 -9.925579071045
v  -15.069463729858 18.287979125977 -6.331853866577
v  -13.660169601440 1.129531860352 -0.530513763428
v  -17.434202194214 1.804653167725 -0.172753334045
v  -18.000541687012 0.543094635010 -3.766477584839
v  -14.226510047913 -0.132026672363 -4.124238967896
v  -7.998284339905 35.668121337891 0.460270166397
v  -7.482156276703 37.069519042969 -4.115432739258
v  -11.244017601013 37.871765136719 -4.294064521790
v  -11.760145187378 36.470367431641 0.281638622284
v  -11.842754364014 16.217819213867 -5.930438041687
v  -15.604615211487 17.020065307617 -6.109069824219
v  -15.088487625122 18.421463012695 -10.684772491455
v  -11.326625823975 17.619216918945 -10.506140708923
v  -5.330195903778 25.983108520508 0.500899791718
v  -5.330197334290 25.983108520508 -6.638110160828
v  5.330186367035 25.983108520508 -6.638112068176
v  5.330187797546 25.983108520508 0.500897884369
v  -5.330195426941 37.790924072266 0.500897884369
v  5.330187797546 37.790924072266 0.500895977020
v  5.330186367035 37.790924072266 -6.638113975525
v  -5.330196857452 37.790924072266 -6.638112068176
v  -2.527055501938 35.663337707520 2.910801887512
v  -1.522753953934 35.305686950684 0.753185927868
v  -1.346982717514 37.685432434082 0.440532684326
v  -2.351284265518 38.043083190918 2.598148584366
v  -10.211186408997 35.758888244629 -0.681763887405
v  -10.035414695740 38.138633728027 -0.994417190552
v  -9.031112670898 37.780982971191 -3.152032375336
v  -9.206884384155 35.401237487793 -2.839379310608
v  2.351276636124 38.043083190918 2.598147630692
v  1.346974372864 37.685432434082 0.440531969070
v  1.522745370865 35.305686950684 0.753185033798
v  2.527047634125 35.663337707520 2.910800695419
v  10.035406112671 38.138633728027 -0.994421005249
v  10.211177825928 35.758888244629 -0.681768178940
v  9.206874847412 35.401237487793 -2.839383125305
v  9.031104087830 37.780982971191 -3.152036190033
v  -1.203317403793 37.842010498047 -3.874980926514
v  -1.203317880630 37.842010498047 -6.281605243683
v  1.203306436539 37.842010498047 -6.281605720520
v  1.203306913376 37.842010498047 -3.874981403351
v  -1.203317165375 42.323143005371 -3.874981641769
v  1.203307151794 42.323143005371 -3.874982118607
v  1.203306674957 42.323143005371 -6.281606674194
v  -1.203317642212 42.323143005371 -6.281605720520
v  -4.377701759338 42.257446289063 2.580595254898
v  -4.377702713013 42.257446289063 -6.527274131775
v  4.377692222595 42.257446289063 -6.527276039124
v  4.377693176270 42.257446289063 2.580594301224
v  -4.377701759338 54.841590881348 2.580593347549
v  4.377694129944 54.841590881348 2.580592393875
v  4.377693176270 54.841590881348 -6.527277946472
v  -4.377702713013 54.841590881348 -6.527276039124
# 168 vertices

vn -0.000000088854 -0.999993920326 0.003489032853
vn 0.000000088854 0.999993920326 -0.003489032853
vn -0.000000157039 -0.003489032853 -0.999993920326
vn -1.000000000000 0.000000037255 0.000000156910
vn 0.000000157039 0.003489032853 0.999993920326
vn 1.000000000000 -0.000000037255 -0.000000156910
vn -0.000345090695 0.222324147820 -0.974972724915
vn 0.000345134409 -0.222324147820 0.974972724915
vn 0.000000007865 -0.974972844124 -0.222324162722
vn 0.999999940395 0.000076732285 -0.000336445693
vn -0.000000007865 0.974972844124 0.222324162722
vn -0.999999940395 -0.000076726785 0.000336421537
vn 0.000845157541 0.222311079502 -0.974975526333
vn -0.000845113886 -0.222311079502 0.974975526333
vn 0.000000086020 -0.974975824356 -0.222311109304
vn 0.999999642372 -0.000187809230 0.000824031886
vn -0.000000086010 0.974975824356 0.222311094403
vn -0.999999642372 0.000187814730 -0.000824056042
vn 0.044440090656 0.976679444313 0.210053414106
vn -0.044440045953 -0.976679444313 -0.210053429008
vn -0.003069095314 0.210391864181 -0.977612376213
vn 0.999007403851 -0.042800676078 -0.012346982025
vn 0.003069095314 -0.210391864181 0.977612376213
vn -0.999007403851 0.042800676078 0.012346982025
vn -0.044662840664 0.976623594761 0.210265636444
vn 0.044662885368 -0.976623594761 -0.210265651345
vn 0.003072459716 0.210607349873 -0.977565944195
vn 0.998997390270 0.043014932424 0.012406595051
vn -0.003072459716 -0.210607349873 0.977565944195
vn -0.998997390270 -0.043014932424 -0.012406595051
vn 0.044723715633 0.990109264851 -0.132979258895
vn -0.044723667204 -0.990109264851 0.132979273796
vn -0.018397394568 -0.132273942232 -0.991042554379
vn 0.998830080032 -0.046769581735 -0.012299606577
vn 0.018397394568 0.132273942232 0.991042554379
vn -0.998830080032 0.046769581735 0.012299606577
vn -0.044645786285 0.990112900734 -0.132978141308
vn 0.044645834714 -0.990112900734 0.132978126407
vn 0.018383372575 -0.132274433970 -0.991042673588
vn 0.998833715916 0.046690464020 0.012296073139
vn -0.018383372575 0.132274433970 0.991042673588
vn -0.998833715916 -0.046690456569 -0.012296074070
vn 0.059481229633 0.954921483994 -0.290838301182
vn -0.059481438249 -0.954921543598 0.290838092566
vn -0.059481363744 -0.954921543598 0.290838271379
vn -0.059481382370 -0.954921543598 0.290838241577
vn -0.059481456876 -0.954921543598 0.290838062763
vn -0.610407233238 -0.195740863681 -0.767521083355
vn 0.789851248264 -0.223183989525 -0.571247756481
vn 0.610407233238 0.195740848780 0.767521083355
vn -0.789851248264 0.223183959723 0.571247816086
vn -0.133191645145 0.928396701813 -0.346900045872
vn 0.133192062378 -0.928396701813 0.346899777651
vn 0.147078961134 -0.327628076077 -0.933288633823
vn 0.147078946233 -0.327628105879 -0.933288633823
vn 0.147078931332 -0.327628105879 -0.933288633823
vn 0.980116367340 0.175327226520 0.092910230160
vn 0.980116367340 0.175327226520 0.092910237610
vn 0.980116367340 0.175327211618 0.092910215259
vn 0.980116367340 0.175327211618 0.092910207808
vn -0.147078961134 0.327628105879 0.933288633823
vn -0.147078946233 0.327628076077 0.933288633823
vn -0.147078931332 0.327628076077 0.933288633823
vn -0.980116367340 -0.175327226520 -0.092910207808
vn -0.184554025531 0.933714270592 0.306785970926
vn 0.184554129839 -0.933714091778 -0.306786328554
vn -0.107232235372 0.291154891253 -0.950647234917
vn -0.107232242823 0.291154891253 -0.950647234917
vn -0.107232190669 0.291154921055 -0.950647234917
vn -0.107232183218 0.291154950857 -0.950647234917
vn 0.976955056190 0.208343043923 -0.046389885247
vn 0.976955056190 0.208343043923 -0.046389881521
vn 0.976955056190 0.208343043923 -0.046389903873
vn 0.976955056190 0.208343043923 -0.046389907598
vn 0.107232183218 -0.291154921055 0.950647234917
vn -0.976955056190 -0.208343043923 0.046389885247
vn -0.976955056190 -0.208343029022 0.046389885247
vn -0.976955056190 -0.208343043923 0.046389903873
vn -0.000000035421 -0.956812679768 -0.290705114603
vn -0.000000008290 0.956812679768 0.290705114603
vn -0.000000172125 0.290705114603 -0.956812679768
vn -1.000000000000 -0.000000017217 0.000000174555
vn 0.000000172125 -0.290705114603 0.956812679768
vn 1.000000000000 0.000000003743 -0.000000178649
vn 0.000000096371 -0.998900294304 0.046884607524
vn -0.000000140082 0.998900294304 -0.046884607524
vn -0.000000155198 -0.046884607524 -0.998900353909
vn -1.000000000000 0.000000138857 0.000000150834
vn 0.000000155198 0.046884607524 0.998900353909
vn 1.000000000000 -0.000000171882 -0.000000149284
vn -0.000000022177 -0.976660728455 0.214788049459
vn -0.000000021535 0.976660728455 -0.214788049459
vn -0.000000150686 -0.214788049459 -0.976660728455
vn -1.000000000000 0.000000056535 0.000000141906
vn 0.000000150686 0.214788049459 0.976660728455
vn 1.000000000000 -0.000000071559 -0.000000138602
vn -0.059481464326 0.954921483994 -0.290838301182
vn 0.059481475502 -0.954921543598 0.290838181973
vn 0.610406994820 -0.195740774274 -0.767521202564
vn 0.789851427078 0.223183959723 0.571247518063
vn -0.610406994820 0.195740759373 0.767521202564
vn -0.789851427078 -0.223184034228 -0.571247518063
vn 0.133191481233 0.928396761417 -0.346900105476
vn -0.133191809058 -0.928396761417 0.346899867058
vn -0.147079184651 -0.327628165483 -0.933288574219
vn -0.147079169750 -0.327628135681 -0.933288574219
vn -0.147079154849 -0.327628135681 -0.933288574219
vn 0.980116426945 -0.175327166915 -0.092910513282
vn 0.980116426945 -0.175327152014 -0.092910490930
vn 0.147079154849 0.327628135681 0.933288574219
vn -0.980116426945 0.175327152014 0.092910490930
vn 0.184554040432 0.933714210987 0.306785911322
vn -0.184554070234 -0.933714091778 -0.306786268950
vn 0.107231892645 0.291154921055 -0.950647234917
vn 0.107231900096 0.291154921055 -0.950647234917
vn 0.107231847942 0.291154891253 -0.950647234917
vn 0.107231840491 0.291154921055 -0.950647234917
vn 0.976955115795 -0.208342984319 0.046389561146
vn 0.976955115795 -0.208342984319 0.046389557421
vn 0.976955115795 -0.208342984319 0.046389576048
vn 0.976955115795 -0.208342984319 0.046389579773
vn -0.107231840491 -0.291154921055 0.950647234917
vn -0.976955115795 0.208342969418 -0.046389542520
vn -0.976955175400 0.208342969418 -0.046389535069
vn -0.976955115795 0.208342984319 -0.046389572322
vn -0.976955115795 0.208342999220 -0.046389579773
vn 0.000000000000 -1.000000000000 0.000000162921
vn 0.000000043711 1.000000000000 -0.000000162921
vn -0.000000150996 -0.000000162921 -1.000000000000
vn -1.000000000000 0.000000040383 0.000000150996
vn 0.000000150996 0.000000162921 1.000000000000
vn 1.000000000000 0.000000000000 -0.000000150996
vn 0.905825793743 -0.011265032925 0.423500806093
vn -0.905825674534 0.011265175417 -0.423501074314
vn 0.417307734489 -0.148610129952 -0.896531820297
vn -0.073035441339 -0.988831698895 0.129914119840
vn -0.073035448790 -0.988831698895 0.129914134741
vn -0.073035441339 -0.988831698895 0.129914090037
vn -0.073035433888 -0.988831698895 0.129914075136
vn -0.417307734489 0.148610129952 0.896531820297
vn 0.073035448790 0.988831698895 -0.129914119840
vn 0.073035456240 0.988831698895 -0.129914119840
vn 0.073035433888 0.988831698895 -0.129914090037
vn 0.073035426438 0.988831698895 -0.129914090037
vn -0.905825555325 -0.011264952831 0.423500984907
vn 0.905825436115 0.011265174486 -0.423501312733
vn -0.417308062315 -0.148610025644 -0.896531701088
vn -0.073035411537 0.988831698895 -0.129914149642
vn -0.073035411537 0.988831698895 -0.129914134741
vn -0.073035418987 0.988831698895 -0.129914179444
vn -0.073035418987 0.988831698895 -0.129914194345
vn 0.417308062315 0.148610025644 0.896531701088
vn 0.073035418987 -0.988831698895 0.129914194345
vn -0.000000043711 -1.000000000000 0.000000162921
vn 0.000000000000 1.000000000000 -0.000000162921
vn -1.000000000000 0.000000053205 0.000000150996
vn 1.000000000000 -0.000000053205 -0.000000150996
vn -0.000000081693 -1.000000000000 0.000000162921
vn -1.000000000000 0.000000000000 0.000000150996
vn 1.000000000000 -0.000000075784 -0.000000150996
# 160 vertex normals

vt 0.511128962040 0.698406279087 -0.008402109146
vt 0.553547620773 0.716219007969 -0.008576273918
vt 0.485483080149 0.741776406765 -0.008576273918
vt 0.438019365072 0.715942442417 -0.008402109146
vt 0.523985087872 0.736819803715 0.008576214314
vt 0.440503209829 0.717314302921 0.008576214314
vt 0.471022695303 0.700032711029 0.008401989937
vt 0.552419126034 0.715433478355 0.008401989937
vt 0.760382771492 0.370615750551 0.012038439512
vt 0.773150444031 0.384954452515 -0.009043753147
vt 0.791638016701 0.361261308193 -0.009044468403
vt 0.785619318485 0.356968522072 0.012037694454
vt 0.722146272659 0.422682017088 0.009044378996
vt 0.759696841240 0.433308809996 0.009043753147
vt 0.743256032467 0.401887595654 -0.012038469315
vt 0.712233126163 0.408603310585 -0.012037783861
vt 0.891450166702 0.239913478494 0.012036114931
vt 0.904234409332 0.254252165556 -0.009044826031
vt 0.922733068466 0.230559021235 -0.009043097496
vt 0.916708827019 0.226266264915 0.012037783861
vt 0.853235781193 0.291974216700 0.009043067694
vt 0.890775322914 0.302595466375 0.009044826031
vt 0.874339997768 0.271174252033 -0.012036114931
vt 0.843322634697 0.277884453535 -0.012037813663
vt 0.260702371597 0.873924911022 0.249625563622
vt 0.258749604225 0.881348788738 0.271331548691
vt 0.258605778217 0.877509593964 0.275011301041
vt 0.270123213530 0.875296890736 0.253305315971
vt 0.406833142042 0.356968522072 -0.275011301041
vt 0.396499514580 0.361615329981 -0.271331429482
vt 0.402468442917 0.368718296289 -0.249625444412
vt 0.422339051962 0.361615329981 -0.253305315971
vt 0.237946748734 0.566906869411 0.234977483749
vt 0.234306752682 0.565911173820 0.255134820938
vt 0.234118670225 0.570425152779 0.251703858376
vt 0.242925465107 0.578800499439 0.231546521187
vt 0.002000000095 0.012964232825 -0.251703858376
vt 0.008804241195 0.002951487433 -0.255134761333
vt 0.007100415416 0.014889335260 -0.234977185726
vt 0.019602516666 0.002000000095 -0.231546401978
vt 0.005905523896 0.991710245609 0.158478140831
vt 0.002000000095 0.995798289776 0.147597193718
vt 0.009445942007 0.997917056084 0.150482773781
vt 0.017185075209 0.997999966145 0.161363363266
vt 0.129803568125 0.594480872154 -0.150482654572
vt 0.116659760475 0.599022567272 -0.147597193718
vt 0.125726550817 0.616934835911 -0.158477962017
vt 0.156992867589 0.613931000233 -0.161363303661
vt 0.271340221167 0.007919137366 0.160086870193
vt 0.270112127066 0.002000000095 0.149291992188
vt 0.263529151678 0.007150202058 0.146434307098
vt 0.258605778217 0.014197846875 0.157229065895
vt 0.529137909412 0.330362737179 -0.146434307098
vt 0.533452808857 0.316997647285 -0.149291992188
vt 0.514434158802 0.314414262772 -0.160086870193
vt 0.499221444130 0.341288238764 -0.157229185104
vt 0.973698496819 0.190076559782 0.019634127617
vt 0.974351286888 0.189755693078 0.017115056515
vt 0.961163222790 0.162582993507 0.026449620724
vt 0.952942848206 0.182531028986 0.028968632221
vt 0.927484989166 0.188450172544 -0.026449739933
vt 0.906153976917 0.177596569061 -0.017115175724
vt 0.901772737503 0.177552327514 -0.019634187222
vt 0.913743734360 0.208210125566 -0.028968691826
vt 0.555229306221 0.230437323451 0.110954880714
vt 0.554554402828 0.226266264915 0.095756411552
vt 0.550283730030 0.230238184333 0.087623119354
vt 0.549133121967 0.234165817499 0.102821469307
vt 0.825672984123 0.310882270336 -0.087623238564
vt 0.827642321587 0.309167355299 -0.095756649971
vt 0.816954731941 0.312442272902 -0.110954880714
vt 0.818570077419 0.327555418015 -0.102821588516
vt 0.881335020065 0.009434877895 0.129012584686
vt 0.886092424393 0.008649348281 0.148194313049
vt 0.883049905300 0.004400846083 0.137213230133
vt 0.878513753414 0.002000000095 0.118031978607
vt 0.550139963627 0.204224273562 -0.137213468552
vt 0.557906746864 0.210585951805 -0.148194313049
vt 0.559333980083 0.200683847070 -0.129012703896
vt 0.549133121967 0.193791106343 -0.118031859398
vt 0.226764142513 0.613311409950 -0.034733176231
vt 0.234475612640 0.616741180420 -0.026298701763
vt 0.236157298088 0.601484179497 -0.026298701763
vt 0.226919025183 0.594480812550 -0.034733176231
vt 0.182193592191 0.679705262184 0.026298761368
vt 0.196952715516 0.681840598583 0.026298761368
vt 0.189838677645 0.663861930370 0.034733176231
vt 0.172673180699 0.661095976830 0.034733176231
vt 0.636739253998 0.568127036095 -0.029188752174
vt 0.635134994984 0.568536460400 -0.030689358711
vt 0.650934159756 0.560194313526 -0.030689358711
vt 0.654120504856 0.548588395119 -0.029188752174
vt 0.585823655128 0.610866546631 0.030689358711
vt 0.607619285583 0.614462256432 0.030689358711
vt 0.599880218506 0.592810392380 0.029188871384
vt 0.575644969940 0.584291279316 0.029188871384
vt 0.504866898060 0.772525668144 -0.027680635452
vt 0.503251492977 0.773233711720 -0.034472107887
vt 0.519802987576 0.769615888596 -0.034472107887
vt 0.526551902294 0.757456719875 -0.027680635452
vt 0.441565304995 0.804223477840 0.034472227097
vt 0.460882723331 0.812764763832 0.034472227097
vt 0.458609104156 0.789066076279 0.027680397034
vt 0.438019365072 0.774860143661 0.027680397034
vt 0.979839146137 0.265686601400 0.024470746517
vt 0.959852337837 0.263993829489 0.022342920303
vt 0.961704194546 0.294939309359 0.014457702637
vt 0.965301275253 0.294009953737 0.016585528851
vt 0.969216465950 0.226266264915 -0.014457821846
vt 0.938413441181 0.247442394495 -0.022342860699
vt 0.967177987099 0.254877269268 -0.024470746517
vt 0.977179646492 0.226553931832 -0.016585648060
vt 0.441409051418 0.471556395292 0.100273847580
vt 0.438019365072 0.469410002232 0.085452198982
vt 0.438474357128 0.474366605282 0.093384027481
vt 0.441756159067 0.477575123310 0.108205676079
vt 0.692200601101 0.360132783651 -0.093384027481
vt 0.690409660339 0.356968522072 -0.085452079773
vt 0.684460103512 0.367600888014 -0.100273847580
vt 0.696552813053 0.377591460943 -0.108205676079
vt 0.861854374409 0.531901240349 0.131275415421
vt 0.867046058178 0.532908082008 0.152609109879
vt 0.865967392921 0.528283417225 0.164822101593
vt 0.861547410488 0.524543821812 0.143488168716
vt 0.438019365072 0.499462187290 -0.164822220802
vt 0.441817015409 0.511068105698 -0.152609109879
vt 0.447442948818 0.502825558186 -0.131275415421
vt 0.442538917065 0.493255406618 -0.143488168716
vt 0.979877650738 0.059365838766 -0.045798063278
vt 0.963569641113 0.081050895154 -0.045798063278
vt 0.962446689606 0.146902680397 -0.045798063278
vt 0.976868331432 0.123204007745 -0.045798063278
vt 0.955576002598 0.002000000095 0.045797944069
vt 0.901772737503 0.050249263644 0.045797944069
vt 0.955194294453 0.078793883324 0.045797944069
vt 0.997978031635 0.024725059047 0.045797944069
vt 0.905819475651 0.360331952572 -0.010493040085
vt 0.902942895889 0.356968522072 -0.014037251472
vt 0.900171399117 0.369924277067 0.009546160698
vt 0.904292702675 0.374261260033 0.013090729713
vt 0.813447773457 0.404908001423 -0.009546041489
vt 0.808137118816 0.401113152504 0.014037370682
vt 0.811898827553 0.407629728317 0.010493278503
vt 0.807318389416 0.407131850719 -0.013090372086
vt 0.371899127960 0.898279249668 0.016810894012
vt 0.366854041815 0.897028982639 0.012259364128
vt 0.370029360056 0.908103883266 -0.018027186394
vt 0.375085532665 0.908911585808 -0.013475418091
vt 0.262422770262 0.997532606125 0.018027186394
vt 0.261283218861 0.997079014778 -0.012259364128
vt 0.261792153120 0.997576951981 -0.016811132431
vt 0.258605778217 0.997930943966 0.013475418091
vt 0.180799543858 0.728012740612 -0.016182422638
vt 0.174769774079 0.727990686893 -0.016182422638
vt 0.172673180699 0.739386379719 -0.016182422638
vt 0.181352749467 0.740005910397 -0.016182422638
vt 0.201920360327 0.700607717037 0.016182422638
vt 0.189849749207 0.697520911694 0.016182422638
vt 0.192139953375 0.712921738625 0.016182422638
vt 0.206334814429 0.715975344181 0.016182422638
vt 0.508816599846 0.613566160202 -0.052557229996
vt 0.530689775944 0.645529448986 -0.052557229996
vt 0.559964597225 0.682725965977 -0.052557229996
vt 0.545139133930 0.639654576778 -0.052557229996
vt 0.470685243607 0.548588395119 0.052557110786
vt 0.438019365072 0.593673408031 0.052557110786
vt 0.514940440655 0.632651209831 0.052557110786
vt 0.557220757008 0.575584113598 0.052557110786
# 168 texture coords

g Base_HumanPelvis
s 2
f 1/1/1 2/2/1 3/3/1 
f 3/3/1 4/4/1 1/1/1 
s 4
f 5/5/2 6/6/2 7/7/2 
f 7/7/2 8/8/2 5/5/2 
s 8
f 8/8/3 7/7/3 3/3/3 
f 3/3/3 2/2/3 8/8/3 
s 16
f 5/5/4 8/8/4 2/2/4 
f 2/2/4 1/1/4 5/5/4 
s 32
f 6/6/5 5/5/5 1/1/5 
f 1/1/5 4/4/5 6/6/5 
s 64
f 7/7/6 6/6/6 4/4/6 
f 4/4/6 3/3/6 7/7/6 
s 2
f 9/9/7 10/10/7 11/11/7 
f 11/11/7 12/12/7 9/9/7 
s 4
f 13/13/8 14/14/8 15/15/8 
f 15/15/8 16/16/8 13/13/8 
s 8
f 16/16/9 15/15/9 11/11/9 
f 11/11/9 10/10/9 16/16/9 
s 16
f 13/13/10 16/16/10 10/10/10 
f 10/10/10 9/9/10 13/13/10 
s 32
f 14/14/11 13/13/11 9/9/11 
f 9/9/11 12/12/11 14/14/11 
s 64
f 15/15/12 14/14/12 12/12/12 
f 12/12/12 11/11/12 15/15/12 
s 2
f 17/17/13 18/18/13 19/19/13 
f 19/19/13 20/20/13 17/17/13 
s 4
f 21/21/14 22/22/14 23/23/14 
f 23/23/14 24/24/14 21/21/14 
s 8
f 24/24/15 23/23/15 19/19/15 
f 19/19/15 18/18/15 24/24/15 
s 16
f 21/21/16 24/24/16 18/18/16 
f 18/18/16 17/17/16 21/21/16 
s 32
f 22/22/17 21/21/17 17/17/17 
f 17/17/17 20/20/17 22/22/17 
s 64
f 23/23/18 22/22/18 20/20/18 
f 20/20/18 19/19/18 23/23/18 
s 2
f 25/25/19 26/26/19 27/27/19 
f 27/27/19 28/28/19 25/25/19 
s 4
f 29/29/20 30/30/20 31/31/20 
f 31/31/20 32/32/20 29/29/20 
s 8
f 32/32/21 31/31/21 27/27/21 
f 27/27/21 26/26/21 32/32/21 
s 16
f 29/29/22 32/32/22 26/26/22 
f 26/26/22 25/25/22 29/29/22 
s 32
f 30/30/23 29/29/23 25/25/23 
f 25/25/23 28/28/23 30/30/23 
s 64
f 31/31/24 30/30/24 28/28/24 
f 28/28/24 27/27/24 31/31/24 
s 2
f 33/33/25 34/34/25 35/35/25 
f 35/35/25 36/36/25 33/33/25 
s 4
f 37/37/26 38/38/26 39/39/26 
f 39/39/26 40/40/26 37/37/26 
s 8
f 40/40/27 39/39/27 35/35/27 
f 35/35/27 34/34/27 40/40/27 
s 16
f 37/37/28 40/40/28 34/34/28 
f 34/34/28 33/33/28 37/37/28 
s 32
f 38/38/29 37/37/29 33/33/29 
f 33/33/29 36/36/29 38/38/29 
s 64
f 39/39/30 38/38/30 36/36/30 
f 36/36/30 35/35/30 39/39/30 
s 2
f 41/41/31 42/42/31 43/43/31 
f 43/43/31 44/44/31 41/41/31 
s 4
f 45/45/32 46/46/32 47/47/32 
f 47/47/32 48/48/32 45/45/32 
s 8
f 48/48/33 47/47/33 43/43/33 
f 43/43/33 42/42/33 48/48/33 
s 16
f 45/45/34 48/48/34 42/42/34 
f 42/42/34 41/41/34 45/45/34 
s 32
f 46/46/35 45/45/35 41/41/35 
f 41/41/35 44/44/35 46/46/35 
s 64
f 47/47/36 46/46/36 44/44/36 
f 44/44/36 43/43/36 47/47/36 
s 2
f 49/49/37 50/50/37 51/51/37 
f 51/51/37 52/52/37 49/49/37 
s 4
f 53/53/38 54/54/38 55/55/38 
f 55/55/38 56/56/38 53/53/38 
s 8
f 56/56/39 55/55/39 51/51/39 
f 51/51/39 50/50/39 56/56/39 
s 16
f 53/53/40 56/56/40 50/50/40 
f 50/50/40 49/49/40 53/53/40 
s 32
f 54/54/41 53/53/41 49/49/41 
f 49/49/41 52/52/41 54/54/41 
s 64
f 55/55/42 54/54/42 52/52/42 
f 52/52/42 51/51/42 55/55/42 
s 2
f 57/57/43 58/58/43 59/59/43 
f 59/59/43 60/60/43 57/57/43 
s 4
f 61/61/44 62/62/45 63/63/46 
f 63/63/46 64/64/47 61/61/44 
s 8
f 64/64/48 63/63/48 59/59/48 
f 59/59/48 58/58/48 64/64/48 
s 16
f 61/61/49 64/64/49 58/58/49 
f 58/58/49 57/57/49 61/61/49 
s 32
f 62/62/50 61/61/50 57/57/50 
f 57/57/50 60/60/50 62/62/50 
s 64
f 63/63/51 62/62/51 60/60/51 
f 60/60/51 59/59/51 63/63/51 
s 2
f 65/65/52 66/66/52 67/67/52 
f 67/67/52 68/68/52 65/65/52 
s 4
f 69/69/53 70/70/53 71/71/53 
f 71/71/53 72/72/53 69/69/53 
s 8
f 72/72/54 71/71/54 67/67/55 
f 67/67/55 66/66/56 72/72/54 
s 16
f 69/69/57 72/72/58 66/66/59 
f 66/66/59 65/65/60 69/69/57 
s 32
f 70/70/61 69/69/61 65/65/62 
f 65/65/62 68/68/63 70/70/61 
s 64
f 71/71/64 70/70/64 68/68/64 
f 68/68/64 67/67/64 71/71/64 
s 2
f 73/73/65 74/74/65 75/75/65 
f 75/75/65 76/76/65 73/73/65 
s 4
f 77/77/66 78/78/66 79/79/66 
f 79/79/66 80/80/66 77/77/66 
s 8
f 80/80/67 79/79/68 75/75/69 
f 75/75/69 74/74/70 80/80/67 
s 16
f 77/77/71 80/80/72 74/74/73 
f 74/74/73 73/73/74 77/77/71 
s 32
f 78/78/75 77/77/75 73/73/75 
f 73/73/75 76/76/75 78/78/75 
s 64
f 79/79/76 78/78/77 76/76/78 
f 76/76/78 75/75/78 79/79/76 
s 2
f 81/81/79 82/82/79 83/83/79 
f 83/83/79 84/84/79 81/81/79 
s 4
f 85/85/80 86/86/80 87/87/80 
f 87/87/80 88/88/80 85/85/80 
s 8
f 88/88/81 87/87/81 83/83/81 
f 83/83/81 82/82/81 88/88/81 
s 16
f 85/85/82 88/88/82 82/82/82 
f 82/82/82 81/81/82 85/85/82 
s 32
f 86/86/83 85/85/83 81/81/83 
f 81/81/83 84/84/83 86/86/83 
s 64
f 87/87/84 86/86/84 84/84/84 
f 84/84/84 83/83/84 87/87/84 
s 2
f 89/89/85 90/90/85 91/91/85 
f 91/91/85 92/92/85 89/89/85 
s 4
f 93/93/86 94/94/86 95/95/86 
f 95/95/86 96/96/86 93/93/86 
s 8
f 96/96/87 95/95/87 91/91/87 
f 91/91/87 90/90/87 96/96/87 
s 16
f 93/93/88 96/96/88 90/90/88 
f 90/90/88 89/89/88 93/93/88 
s 32
f 94/94/89 93/93/89 89/89/89 
f 89/89/89 92/92/89 94/94/89 
s 64
f 95/95/90 94/94/90 92/92/90 
f 92/92/90 91/91/90 95/95/90 
s 2
f 97/97/91 98/98/91 99/99/91 
f 99/99/91 100/100/91 97/97/91 
s 4
f 101/101/92 102/102/92 103/103/92 
f 103/103/92 104/104/92 101/101/92 
s 8
f 104/104/93 103/103/93 99/99/93 
f 99/99/93 98/98/93 104/104/93 
s 16
f 101/101/94 104/104/94 98/98/94 
f 98/98/94 97/97/94 101/101/94 
s 32
f 102/102/95 101/101/95 97/97/95 
f 97/97/95 100/100/95 102/102/95 
s 64
f 103/103/96 102/102/96 100/100/96 
f 100/100/96 99/99/96 103/103/96 
s 2
f 105/105/97 106/106/97 107/107/97 
f 107/107/97 108/108/97 105/105/97 
s 4
f 109/109/98 110/110/98 111/111/98 
f 111/111/98 112/112/98 109/109/98 
s 8
f 112/112/99 111/111/99 107/107/99 
f 107/107/99 106/106/99 112/112/99 
s 16
f 109/109/100 112/112/100 106/106/100 
f 106/106/100 105/105/100 109/109/100 
s 32
f 110/110/101 109/109/101 105/105/101 
f 105/105/101 108/108/101 110/110/101 
s 64
f 111/111/102 110/110/102 108/108/102 
f 108/108/102 107/107/102 111/111/102 
s 2
f 113/113/103 114/114/103 115/115/103 
f 115/115/103 116/116/103 113/113/103 
s 4
f 117/117/104 118/118/104 119/119/104 
f 119/119/104 120/120/104 117/117/104 
s 8
f 120/120/105 119/119/105 115/115/106 
f 115/115/106 114/114/107 120/120/105 
s 16
f 117/117/108 120/120/108 114/114/109 
f 114/114/109 113/113/109 117/117/108 
s 32
f 118/118/110 117/117/110 113/113/110 
f 113/113/110 116/116/110 118/118/110 
s 64
f 119/119/111 118/118/111 116/116/111 
f 116/116/111 115/115/111 119/119/111 
s 2
f 121/121/112 122/122/112 123/123/112 
f 123/123/112 124/124/112 121/121/112 
s 4
f 125/125/113 126/126/113 127/127/113 
f 127/127/113 128/128/113 125/125/113 
s 8
f 128/128/114 127/127/115 123/123/116 
f 123/123/116 122/122/117 128/128/114 
s 16
f 125/125/118 128/128/119 122/122/120 
f 122/122/120 121/121/121 125/125/118 
s 32
f 126/126/122 125/125/122 121/121/122 
f 121/121/122 124/124/122 126/126/122 
s 64
f 127/127/123 126/126/124 124/124/125 
f 124/124/125 123/123/126 127/127/123 
s 2
f 129/129/127 130/130/127 131/131/127 
f 131/131/127 132/132/127 129/129/127 
s 4
f 133/133/128 134/134/128 135/135/128 
f 135/135/128 136/136/128 133/133/128 
s 8
f 136/136/129 135/135/129 131/131/129 
f 131/131/129 130/130/129 136/136/129 
s 16
f 133/133/130 136/136/130 130/130/130 
f 130/130/130 129/129/130 133/133/130 
s 32
f 134/134/131 133/133/131 129/129/131 
f 129/129/131 132/132/131 134/134/131 
s 64
f 135/135/132 134/134/132 132/132/132 
f 132/132/132 131/131/132 135/135/132 
s 2
f 137/137/133 138/138/133 139/139/133 
f 139/139/133 140/140/133 137/137/133 
s 4
f 141/141/134 142/142/134 143/143/134 
f 143/143/134 144/144/134 141/141/134 
s 8
f 144/144/135 143/143/135 139/139/135 
f 139/139/135 138/138/135 144/144/135 
s 16
f 141/141/136 144/144/137 138/138/138 
f 138/138/138 137/137/139 141/141/136 
s 32
f 142/142/140 141/141/140 137/137/140 
f 137/137/140 140/140/140 142/142/140 
s 64
f 143/143/141 142/142/142 140/140/143 
f 140/140/143 139/139/144 143/143/141 
s 2
f 145/145/145 146/146/145 147/147/145 
f 147/147/145 148/148/145 145/145/145 
s 4
f 149/149/146 150/150/146 151/151/146 
f 151/151/146 152/152/146 149/149/146 
s 8
f 152/152/147 151/151/147 147/147/147 
f 147/147/147 146/146/147 152/152/147 
s 16
f 149/149/148 152/152/149 146/146/150 
f 146/146/150 145/145/151 149/149/148 
s 32
f 150/150/152 149/149/152 145/145/152 
f 145/145/152 148/148/152 150/150/152 
s 64
f 151/151/153 150/150/153 148/148/153 
f 148/148/153 147/147/153 151/151/153 
s 2
f 153/153/154 154/154/154 155/155/154 
f 155/155/154 156/156/154 153/153/154 
s 4
f 157/157/155 158/158/155 159/159/155 
f 159/159/155 160/160/155 157/157/155 
s 8
f 160/160/129 159/159/129 155/155/129 
f 155/155/129 154/154/129 160/160/129 
s 16
f 157/157/156 160/160/156 154/154/156 
f 154/154/156 153/153/156 157/157/156 
s 32
f 158/158/131 157/157/131 153/153/131 
f 153/153/131 156/156/131 158/158/131 
s 64
f 159/159/157 158/158/157 156/156/157 
f 156/156/157 155/155/157 159/159/157 
s 2
f 161/161/158 162/162/158 163/163/158 
f 163/163/158 164/164/158 161/161/158 
s 4
f 165/165/155 166/166/155 167/167/155 
f 167/167/155 168/168/155 165/165/155 
s 8
f 168/168/129 167/167/129 163/163/129 
f 163/163/129 162/162/129 168/168/129 
s 16
f 165/165/159 168/168/159 162/162/159 
f 162/162/159 161/161/159 165/165/159 
s 32
f 166/166/131 165/165/131 161/161/131 
f 161/161/131 164/164/131 166/166/131 
s 64
f 167/167/160 166/166/160 164/164/160 
f 164/164/160 163/163/160 167/167/160 
# 252 faces

